764 956
0
2
6
10
13
14
15
16
17
19
23
24
25
26
27
28
30
31
34
35
36
37
38
39
43
44
46
47
49
50
51
52
53
55
56
57
58
59
64
66
67
69
71
73
74
75
77
78
79
80
82
83
84
85
86
87
90
92
93
94
96
97
98
99
100
101
102
104
106
107
109
111
112
113
116
117
118
119
120
121
123
124
125
126
127
129
130
131
134
135
136
137
138
144
145
147
149
150
154
157
158
159
160
161
163
164
165
167
169
172
173
174
175
176
177
178
179
181
183
184
185
186
187
188
189
190
191
192
193
194
195
198
199
202
203
204
205
206
211
213
214
215
216
217
218
219
221
222
223
224
225
226
227
229
230
231
233
235
236
237
238
239
240
242
243
246
248
252
255
257
258
260
262
263
264
266
267
271
272
273
274
275
276
277
278
280
281
282
283
284
287
288
289
290
291
292
295
296
297
298
299
300
301
302
303
305
306
307
309
310
313
314
315
317
318
319
320
321
322
324
325
326
327
328
330
331
333
334
335
337
338
339
340
341
342
343
345
346
347
348
349
350
351
353
354
355
356
357
358
359
360
361
362
364
365
366
367
368
369
370
372
373
374
376
377
380
381
382
383
384
385
386
388
389
390
391
393
394
395
396
397
398
399
400
401
402
403
404
405
406
407
408
410
411
412
414
415
416
417
419
420
421
422
423
424
425
426
427
428
429
430
431
432
433
435
437
438
440
441
442
443
444
445
448
450
451
452
453
454
455
456
457
458
459
463
465
466
467
470
471
472
475
476
478
479
481
482
484
486
488
489
491
492
493
494
496
497
498
499
501
502
503
504
505
507
508
509
510
511
512
513
515
516
517
519
520
522
523
524
525
526
530
531
533
534
535
536
538
539
540
541
543
544
545
546
547
548
549
550
551
552
553
554
555
556
557
559
560
561
562
563
564
566
567
568
569
570
571
572
573
574
575
576
577
578
579
581
582
583
584
585
586
587
588
589
590
591
592
593
594
597
598
599
600
601
602
604
606
607
608
609
610
611
612
614
615
616
617
618
619
620
622
623
624
625
626
627
628
629
631
632
633
634
635
636
639
640
641
642
643
644
645
647
649
652
653
654
655
656
658
659
660
661
662
663
664
665
666
667
668
670
671
672
673
674
675
676
677
678
681
682
683
684
685
686
687
688
689
690
691
692
693
694
695
696
697
698
699
700
703
704
705
706
708
710
711
712
713
718
719
720
721
722
723
724
725
726
727
728
729
732
733
734
735
737
738
739
740
741
743
744
745
746
748
749
752
755
756
757
758
759
760
762
763
764
765
768
769
771
773
775
776
778
780
781
782
783
784
785
786
787
788
789
791
792
793
794
795
797
798
800
801
802
804
805
806
807
808
809
810
811
813
814
815
817
818
819
820
821
822
824
825
826
827
828
829
831
832
833
834
835
836
837
838
839
840
841
842
844
845
846
848
849
850
852
853
854
855
856
857
858
859
860
861
862
863
864
865
866
867
869
871
872
873
874
875
876
877
878
879
880
881
882
883
884
885
886
888
889
890
891
892
893
894
895
896
898
899
900
902
903
904
905
906
907
908
909
910
911
912
913
914
915
916
917
918
920
921
922
924
925
926
927
928
929
930
931
932
933
934
935
936
937
938
939
940
941
942
943
944
945
946
948
949
950
951
952
953
954
955
956
957
958
959
960
961
962
963
964
965
966
967
968
969
970
971
972
973
974
975
976
977
978
979
0 569 645
1 366 599
2 943 963
3 557 813
4 544 570
5 787 894
6 551 699
7 211 357
8 878 888
9 374 645
10 804 938
11 188 396
12 954 961
13 721 831
14 822 844
15 0 282
16 19 320
17 671 862
18 74 174
19 86 314
20 444 543
21 890 905
22 488 597
23 760 864
24 757 809
25 173 390
27 367 425
28 292 331
29 147 380
30 119 184
31 623 884
32 193 353
33 193 349
34 488 554
35 362 424
36 619 794
37 891 936
38 82 120
39 763 802
40 561 711
42 405 455
43 787 922
44 370 503
45 211 320
46 17 126
47 479 614
48 227 520
49 94 275
50 719 789
51 203 372
52 331 454
53 0 266
54 264 504
55 792 964
56 357 534
57 926 978
58 367 640
59 674 691
60 652 791
61 522 672
62 674 886
65 601 817
66 186 348
67 315 441
68 771 820
69 144 183
70 233 538
71 560 689
72 321 459
73 188 258
74 722 894
75 75 167
76 694 854
77 326 399
78 704 795
79 606 881
80 255 470
81 150 222
82 129 394
83 457 617
84 192 467
86 903 974
87 805 858
88 161 310
89 908 973
90 801 883
91 486 687
92 656 762
93 813 967
94 46 349
95 713 866
96 533 586
97 373 511
98 456 757
100 588 744
101 609 782
102 921 972
103 369 455
104 334 391
105 594 676
106 568 789
107 15 90
108 147 440
109 405 641
110 552 726
111 313 382
112 291 559
113 858 908
114 659 686
116 0 255
117 645 798
118 127 275
119 306 327
120 246 429
121 307 575
122 351 388
123 634 722
124 617 804
125 92 124
126 499 516
127 640 734
128 342 458
129 69 116
130 706 852
132 705 935
133 47 266
134 94 112
135 890 975
136 475 608
137 849 921
138 879 913
139 872 928
140 572 769
141 149 338
142 365 423
143 865 970
144 704 775
145 451 572
146 157 444
147 778 846
148 53 225
149 723 930
150 684 854
151 756 959
152 787 930
153 834 862
154 394 676
155 903 943
156 554 611
157 512 579
158 19 164
159 800 889
160 451 749
161 274 440
162 773 941
163 519 748
164 882 956
165 341 390
166 611 670
167 556 762
169 364 552
170 350 400
171 953 961
172 689 852
173 745 765
174 34 219
176 782 821
177 80 119
178 568 585
179 642 862
180 763 890
181 649 737
182 325 536
183 871 949
184 349 629
185 389 481
186 549 610
187 77 275
188 204 242
189 760 858
190 393 684
191 125 347
192 845 902
193 708 778
194 688 950
195 430 467
196 620 860
197 119 407
198 524 695
199 31 187
200 0 27
201 172 393
202 221 402
203 227 536
204 807 845
205 202 394
206 56 82
207 198 229
208 400 489
209 802 852
210 672 836
211 441 740
212 429 481
213 692 866
214 355 604
215 597 625
216 351 571
217 821 970
219 907 965
220 486 683
221 57 326
222 583 893
223 393 663
224 659 922
225 86 198
227 86 337
229 470 724
230 382 546
231 786 927
232 781 945
233 540 809
234 957 962
235 721 821
236 926 965
237 331 530
239 219 496
240 683 784
241 896 916
242 340 346
243 570 682
244 396 538
245 43 325
246 157 350
247 541 828
248 226 492
249 453 509
250 873 899
251 697 794
252 309 406
253 159 453
254 817 845
255 263 297
256 858 900
257 920 973
258 17 157
259 307 438
260 829 912
261 570 706
262 53 320
263 126 421
264 176 444
265 525 804
266 306 321
267 543 601
268 661 740
269 925 952
270 924 966
271 73 190
272 738 785
273 599 718
274 765 958
275 430 673
276 231 295
277 283 399
279 809 893
280 0 187
281 726 795
282 330 533
283 276 457
284 217 452
285 17 51
286 520 728
288 758 840
289 135 438
291 276 484
292 429 523
293 622 728
294 164 300
295 298 513
296 559 579
297 594 705
299 299 368
300 556 693
301 267 557
302 423 644
303 455 602
304 885 913
305 0 83
306 914 973
307 720 735
308 211 221
309 99 204
310 623 903
311 493 793
312 345 600
313 960 979
314 667 893
315 0 287
316 872 932
317 263 443
318 795 861
319 539 618
320 853 884
321 271 442
322 391 451
323 922 966
324 589 853
325 55 331
327 578 649
328 175 191
329 531 745
330 748 814
331 710 829
332 324 429
333 614 801
334 395 616
335 738 845
336 130 320
338 136 406
339 534 780
340 131 411
341 732 871
342 955 961
343 382 428
344 117 248
345 793 802
346 205 240
347 0 79
348 829 931
349 230 246
350 347 601
351 258 364
352 610 905
353 0 205
354 17 87
355 576 726
356 689 726
357 472 602
358 199 313
359 871 938
360 395 551
361 826 891
362 710 864
363 538 752
364 677 955
365 109 319
366 911 963
367 0 78
368 50 236
369 678 928
370 318 590
371 380 631
372 288 422
373 369 664
374 539 598
375 771 833
376 238 463
377 360 559
378 43 205
379 288 322
380 229 364
381 834 979
382 727 819
383 858 953
384 647 721
385 859 942
386 127 426
387 786 924
388 14 165
389 149 194
390 99 236
391 77 246
392 752 916
393 404 639
394 561 852
395 59 150
396 2 55
397 260 463
398 732 861
399 301 386
400 879 976
401 119 376
402 765 912
403 723 949
404 161 296
405 787 944
406 608 773
407 829 852
408 819 888
409 107 303
410 550 673
411 437 499
413 278 315
414 440 484
415 814 960
416 904 932
417 624 793
418 206 456
419 877 937
420 632 938
421 859 902
422 504 567
423 159 445
424 290 525
425 347 466
426 324 516
427 604 839
428 936 946
429 577 642
430 97 305
431 509 573
432 693 746
433 720 950
434 572 857
435 526 781
436 295 497
437 674 835
438 325 410
439 519 698
440 769 787
441 266 573
442 342 584
443 614 907
444 773 978
445 726 873
446 145 255
447 678 841
448 890 965
449 590 743
450 301 424
451 505 592
452 10 258
453 346 412
454 674 820
455 350 370
456 472 687
457 587 704
458 287 385
460 958 964
461 325 367
462 786 871
463 802 965
464 19 102
465 566 776
466 111 420
468 289 560
469 296 376
470 835 858
471 74 366
472 399 641
473 106 138
474 885 969
475 64 137
476 791 963
477 647 693
478 47 161
479 67 273
480 668 961
481 224 440
482 557 846
484 548 612
485 317 552
486 356 435
487 433 710
488 406 501
489 215 236
490 331 609
491 448 503
492 364 600
493 407 667
494 916 960
495 599 809
496 94 149
497 356 547
498 303 406
499 38 84
500 307 498
501 592 635
502 369 601
503 718 885
504 798 826
505 654 850
506 30 104
507 0 118
508 430 590
509 388 681
510 478 505
512 399 491
513 150 267
514 706 939
515 309 358
516 411 425
517 569 587
518 354 377
519 620 732
520 213 396
521 820 971
522 416 496
523 515 659
524 427 471
525 348 534
527 25 262
528 117 374
529 0 186
530 448 534
531 663 964
532 959 966
533 424 481
534 700 954
535 425 519
536 881 949
537 199 467
538 698 962
539 889 969
540 377 520
541 174 426
542 552 800
543 739 749
544 675 979
545 257 424
546 0 19
547 0 101
548 426 617
549 49 252
550 913 949
551 785 961
552 113 355
553 385 688
554 37 289
555 414 470
556 567 604
557 662 858
558 734 878
559 507 531
560 432 654
561 278 458
562 581 741
564 534 725
565 176 274
566 855 970
567 422 563
568 893 950
569 281 340
570 552 706
571 821 875
572 933 949
573 737 946
574 104 121
575 517 760
576 918 951
577 925 956
578 824 949
579 548 723
580 906 931
581 453 568
582 589 900
584 73 119
585 546 659
586 118 193
587 218 391
588 615 719
589 309 574
590 0 90
591 666 946
592 121 341
593 710 942
594 911 978
595 406 423
596 226 398
597 13 85
598 647 776
599 879 969
600 309 342
601 126 179
602 913 921
603 145 351
604 373 491
605 192 349
606 832 958
607 195 264
608 317 403
609 58 113
610 738 807
611 335 507
612 778 910
613 397 697
614 98 366
615 789 811
616 765 953
617 564 771
618 442 494
619 663 737
620 776 912
621 914 977
622 737 955
623 385 445
624 822 963
625 185 306
626 876 898
627 163 410
628 826 910
629 643 756
630 620 822
631 698 725
632 341 484
633 692 727
634 0 53
635 862 969
636 107 134
637 28 191
638 484 755
639 476 620
640 49 84
641 888 913
642 492 745
643 164 366
644 24 55
645 277 313
646 300 350
647 354 372
648 303 366
649 827 940
650 90 364
651 704 938
652 840 900
653 206 463
654 401 523
655 274 417
656 199 267
657 652 840
658 303 608
659 624 920
660 860 902
661 292 572
662 810 969
663 511 610
664 452 548
665 898 943
666 262 547
667 943 977
668 111 362
669 321 452
670 328 426
671 909 943
672 338 591
673 807 838
674 100 158
675 181 231
676 818 898
677 930 972
678 838 889
679 412 465
680 838 913
681 858 951
682 892 969
683 230 333
685 131 415
686 109 169
687 0 175
688 832 970
689 863 965
690 66 264
691 478 725
692 398 501
693 277 549
694 448 735
695 917 929
696 943 974
697 842 889
698 267 538
699 393 627
700 284 420
701 610 763
702 340 372
703 875 892
704 636 785
705 899 938
706 271 573
707 415 427
708 116 420
709 804 872
710 13 246
711 402 435
712 158 459
713 242 353
714 345 612
715 948 978
716 421 544
717 177 401
718 386 526
719 30 231
720 938 971
721 807 837
722 178 414
723 788 828
724 301 586
725 566 645
726 123 164
727 583 775
728 395 691
729 929 962
730 929 953
731 563 692
732 280 457
733 788 845
734 569 808
735 237 276
736 510 817
737 195 313
738 235 255
739 601 718
740 960 972
741 106 372
742 396 601
743 732 885
744 450 611
745 626 877
746 35 309
747 339 370
749 907 926
750 895 945
751 585 822
752 592 759
753 339 498
754 842 935
755 235 478
756 688 934
757 361 536
758 738 867
759 690 964
760 559 670
761 26 145
762 44 205
763 578 687
764 502 720
765 582 869
766 591 806
767 324 522
768 396 508
769 343 482
770 64 299
771 144 187
772 863 915
773 64 190
774 415 676
775 27 272
776 479 577
777 594 639
778 546 653
780 356 419
781 150 410
782 117 135
783 192 351
784 319 593
785 667 875
786 159 223
787 402 670
788 728 760
789 691 817
791 273 479
792 712 856
793 739 935
794 443 677
795 69 189
796 176 225
797 885 932
798 641 931
799 179 458
800 431 606
801 52 297
802 457 670
803 416 666
804 691 876
805 915 922
806 571 612
808 864 906
809 699 781
810 0 16
811 545 846
812 138 224
814 539 615
816 882 914
817 412 501
818 448 617
819 822 968
820 272 504
821 83 181
822 491 640
823 877 932
824 610 692
825 160 384
826 78 94
827 49 101
828 586 813
829 321 385
830 507 815
831 711 974
832 659 782
833 681 735
834 626 712
835 484 524
836 264 408
837 510 685
838 628 683
839 699 759
840 50 154
841 37 160
842 957 961
843 677 914
844 257 423
845 836 848
846 629 806
847 895 918
848 802 881
849 90 223
851 118 274
852 297 555
854 583 850
855 333 512
856 808 871
857 482 607
858 38 71
859 386 692
860 13 104
861 600 633
862 6 69
863 0 159
864 787 964
865 359 592
866 576 807
867 940 961
868 17 118
869 0 242
870 217 441
871 147 163
872 588 748
873 335 482
874 401 504
875 66 324
876 888 925
877 872 883
879 44 342
880 174 383
881 508 670
882 536 593
883 111 301
884 703 949
885 383 667
886 757 811
887 414 655
888 658 785
889 0 252
890 14 117
891 382 465
892 513 797
893 149 239
894 874 925
895 257 499
896 739 833
897 950 975
898 75 230
899 597 608
900 522 763
901 27 242
902 39 181
903 768 924
904 178 313
905 629 735
906 302 398
907 619 840
908 684 733
909 813 928
910 924 967
911 593 698
912 911 979
913 183 357
914 535 666
915 96 131
916 615 890
917 955 971
918 519 576
919 741 964
920 123 416
921 335 535
922 764 949
923 77 97
924 534 668
925 113 216
926 10 226
927 660 737
928 452 624
929 874 935
930 647 769
931 548 698
932 368 668
933 801 908
934 50 313
935 945 972
936 880 974
937 367 543
938 412 675
939 688 916
940 206 364
941 661 729
942 23 300
943 44 330
944 706 938
945 403 611
946 825 964
947 99 355
948 36 248
949 381 681
950 941 963
951 668 695
952 606 910
953 173 386
954 857 979
955 179 191
956 0 262
957 204 223
958 778 783
959 84 252
960 97 214
962 0 284
963 421 553
965 252 491
966 385 581
967 224 496
968 857 902
969 463 513
970 109 326
971 116 419
972 805 850
973 17 44
974 26 243
975 842 965
976 84 195
977 562 760
978 314 400
979 888 949
980 335 445
981 440 612
983 327 405
984 780 836
985 562 828
986 93 125
987 451 578
988 582 647
989 144 339
990 36 119
991 77 124
992 655 915
993 410 696
994 699 877
995 519 665
996 82 397
