733 947
0
2
3
4
6
7
8
9
10
11
12
13
14
15
16
17
18
19
21
22
25
26
28
30
31
33
34
35
37
38
39
40
41
42
44
46
47
48
49
50
53
56
58
59
61
62
64
68
69
70
71
72
73
74
75
76
78
82
85
86
87
88
89
90
91
93
94
96
97
99
102
103
106
107
108
109
110
111
113
114
115
116
117
118
120
121
122
123
124
125
127
131
132
133
134
135
137
138
139
140
141
142
143
146
147
148
149
151
152
153
154
155
156
157
158
159
160
163
164
165
166
167
168
169
171
172
173
174
175
176
177
179
181
182
183
184
186
187
188
189
190
192
194
195
196
197
198
199
201
202
204
206
208
209
210
211
212
213
214
216
217
218
219
220
221
222
225
226
227
228
229
230
231
233
234
235
236
238
240
241
242
243
244
245
246
248
249
250
251
252
253
254
255
257
258
259
261
263
265
266
267
268
271
274
276
277
279
280
281
284
285
286
287
289
290
291
292
293
294
295
296
297
298
299
301
302
303
305
307
308
309
310
312
313
314
315
316
317
318
319
320
321
322
323
324
325
327
328
329
330
331
332
333
334
335
336
337
338
339
340
341
342
345
346
347
348
350
352
353
354
355
356
358
359
360
361
365
366
367
368
370
371
372
374
375
377
378
379
380
381
382
383
384
385
386
387
388
389
390
391
392
393
394
395
396
398
399
400
403
404
405
406
407
408
409
410
412
413
414
416
417
418
419
420
422
423
424
425
426
427
429
430
431
432
433
434
439
440
441
442
443
444
445
447
448
449
450
452
453
454
455
456
457
458
459
460
461
462
463
464
465
466
467
468
469
470
472
473
474
475
476
477
478
479
480
481
482
483
484
485
486
487
488
489
490
491
492
493
495
496
497
498
499
500
501
502
503
504
506
507
508
509
510
511
512
513
514
515
516
517
518
519
520
521
522
523
524
525
526
527
528
529
530
532
533
534
535
536
537
538
539
541
543
544
545
546
548
549
550
551
552
553
554
555
556
557
559
560
561
562
563
564
565
566
567
568
570
571
572
574
576
577
578
580
581
582
583
584
585
586
587
588
590
591
592
593
594
595
596
597
598
599
600
601
602
603
605
607
608
609
610
611
612
613
614
615
617
618
619
620
621
622
623
624
626
627
628
629
630
631
632
634
635
636
637
640
641
642
643
644
645
646
647
648
649
650
651
652
653
654
655
657
658
659
660
661
662
663
664
665
666
667
668
669
671
672
673
674
675
676
677
678
679
680
681
682
683
684
685
686
687
688
689
692
693
694
695
696
697
699
700
701
703
704
705
706
707
708
709
710
711
712
713
714
716
717
718
719
720
721
722
724
725
726
727
728
729
731
733
734
736
738
739
741
742
743
744
745
746
747
749
750
751
752
753
754
755
756
758
759
760
761
762
763
764
765
766
767
769
770
771
772
773
774
777
778
779
780
781
782
783
784
785
786
787
788
789
790
792
793
794
795
796
797
798
799
800
802
803
804
805
807
808
810
811
812
813
814
815
816
817
818
819
820
821
822
823
825
826
827
828
829
830
832
833
834
836
838
839
840
841
844
845
846
847
849
850
852
853
854
855
856
857
858
859
861
862
865
867
868
869
870
871
874
875
876
877
881
883
884
885
886
887
888
891
893
894
895
896
897
898
899
900
0 0 299
1 149 217
2 75 198
3 443 523
4 399 431
5 14 266
6 125 383
7 590 867
8 0 21
9 599 865
10 346 693
11 554 888
12 375 597
13 91 141
14 122 441
15 182 474
16 155 216
18 370 640
19 541 871
20 0 182
21 301 498
22 443 643
23 197 378
24 156 307
25 608 704
26 687 741
28 392 681
29 167 498
30 319 684
31 61 309
32 153 491
33 526 615
34 0 11
35 762 862
36 295 318
37 739 884
38 426 596
39 463 624
40 590 778
41 588 887
42 303 511
43 189 323
44 324 621
45 68 154
46 276 544
47 0 287
48 519 710
49 669 763
50 493 779
51 395 493
52 91 339
53 425 582
54 482 587
55 564 665
56 649 779
57 472 568
58 360 613
59 0 257
60 725 875
61 0 249
62 0 241
63 380 692
64 672 731
65 302 598
66 689 785
68 293 413
69 659 839
70 773 802
71 46 386
72 62 276
73 160 245
74 183 465
75 522 630
76 371 602
77 291 475
78 545 795
79 493 792
80 798 805
81 528 784
82 510 847
83 684 859
84 40 296
85 508 787
86 48 295
87 59 317
88 605 895
89 655 840
90 127 254
91 654 858
92 567 845
93 434 741
94 592 754
95 210 459
96 781 853
97 69 249
98 301 559
99 607 883
100 333 629
101 13 338
102 314 557
103 512 812
104 674 750
105 90 219
106 433 784
107 0 38
108 477 766
109 277 510
110 724 838
111 615 765
112 3 309
113 406 686
114 634 871
115 123 390
116 444 662
117 0 212
118 485 680
119 688 742
120 448 599
121 724 853
122 64 176
123 0 297
124 261 504
125 231 341
126 238 588
127 623 819
128 293 578
129 334 685
130 412 513
131 762 868
132 140 229
133 618 749
134 22 308
135 620 895
136 183 301
137 462 546
138 549 620
139 182 280
140 93 216
141 133 231
142 0 131
143 498 701
144 374 520
145 508 840
146 248 474
147 6 317
148 50 318
149 424 565
150 527 747
151 661 888
152 312 538
153 644 769
154 0 259
155 365 584
156 263 378
157 390 514
158 286 439
159 760 840
160 261 594
161 538 688
162 299 358
163 202 486
164 121 497
165 172 227
166 518 642
167 0 53
168 25 354
169 197 308
170 712 887
171 181 458
172 360 603
173 305 443
174 141 485
175 12 361
176 216 355
177 73 249
178 0 254
179 15 336
180 648 708
181 58 143
182 605 780
183 568 854
184 650 868
185 279 372
186 677 870
187 427 700
188 425 716
189 378 681
190 667 783
191 581 847
192 0 71
193 102 396
194 198 380
195 286 495
196 643 738
197 0 15
198 480 674
199 146 368
200 779 898
201 682 789
203 91 280
204 0 171
206 482 700
207 160 414
208 766 862
209 44 379
210 31 258
211 34 355
212 181 323
213 706 845
214 154 218
215 798 820
216 427 734
217 523 675
218 536 826
219 0 165
220 158 201
221 255 381
222 667 708
223 85 190
224 188 408
225 156 431
226 612 793
227 767 859
228 292 460
229 307 610
230 652 713
231 567 810
232 218 462
233 0 70
234 175 259
235 518 687
236 629 742
237 493 652
238 371 659
239 201 405
240 70 297
241 0 155
242 0 175
243 717 818
245 0 153
246 359 686
247 75 253
248 0 46
249 0 142
250 779 854
251 489 756
252 384 556
253 722 850
254 187 366
255 171 390
256 109 396
257 196 454
258 773 815
259 298 368
260 430 565
261 0 3
262 443 669
263 86 331
264 696 857
265 9 198
266 360 488
267 0 196
268 367 460
269 248 329
270 0 82
271 514 884
272 668 729
273 392 536
274 487 622
275 786 823
276 482 788
277 598 705
278 0 37
279 245 486
280 0 42
281 489 667
282 231 403
283 2 221
284 3 152
285 672 830
286 228 476
287 507 634
288 548 614
290 683 854
291 710 836
292 738 899
293 211 597
294 378 405
295 675 731
296 0 210
297 0 265
298 550 783
299 755 836
301 416 510
302 517 687
303 394 423
304 666 721
305 0 102
306 733 823
307 598 668
308 187 245
309 517 844
310 117 394
311 313 591
312 0 194
313 227 518
314 536 870
315 299 571
316 463 523
317 652 887
319 292 386
320 186 329
321 759 893
322 565 636
323 425 502
324 0 8
325 110 387
326 0 132
327 500 747
328 478 626
329 568 602
330 271 482
331 47 159
332 651 767
333 174 443
334 563 881
335 456 782
336 570 727
337 11 175
338 500 572
339 31 393
340 764 817
341 332 683
342 538 689
343 0 228
344 697 714
345 183 447
346 173 406
347 228 572
348 15 372
349 756 891
350 315 636
351 13 108
352 163 219
353 219 352
354 0 19
355 728 853
356 208 487
357 487 711
358 216 571
359 418 560
360 770 825
361 155 294
362 8 370
363 477 529
364 762 832
365 159 244
366 756 888
367 588 856
368 0 56
369 0 134
370 181 417
371 450 548
372 0 103
373 641 731
374 31 182
375 374 405
376 620 765
377 11 303
378 506 763
379 0 240
380 562 825
381 0 87
382 755 830
383 151 383
384 335 466
385 85 365
386 489 658
387 613 867
388 508 608
389 559 679
391 383 572
392 7 138
393 0 263
394 696 804
395 0 187
396 658 722
397 12 194
398 779 869
399 0 289
400 527 755
401 461 671
402 649 870
403 605 770
404 33 295
405 0 123
406 290 423
407 580 774
408 335 564
409 615 883
410 28 266
411 68 366
412 783 853
413 453 759
415 0 166
416 432 729
417 320 496
418 504 631
419 366 544
420 355 522
421 49 102
422 601 747
423 49 366
424 360 514
425 733 833
426 47 115
427 94 341
428 350 516
429 221 595
430 259 387
431 0 64
432 515 601
433 360 440
434 361 621
435 583 759
436 520 700
437 545 618
438 750 826
439 0 10
440 665 876
441 660 769
442 175 388
443 627 875
444 15 156
445 190 281
446 295 302
447 0 137
448 42 368
449 585 741
450 345 577
451 159 274
452 654 727
453 50 189
454 345 527
455 217 537
456 160 482
457 22 348
458 637 789
459 767 819
460 41 317
461 743 813
462 252 302
463 620 815
464 61 319
465 551 828
466 252 324
467 565 662
468 195 410
469 358 468
470 452 645
471 0 169
472 222 517
473 725 807
474 201 584
475 607 897
476 469 770
477 243 546
478 48 281
479 618 781
480 614 852
481 114 315
482 673 871
483 567 630
484 94 361
485 445 745
486 572 629
487 449 701
488 578 829
489 599 657
490 459 789
491 491 750
492 627 736
493 694 755
494 457 557
495 0 158
496 476 598
497 548 844
499 792 897
500 611 885
501 248 549
502 706 829
503 652 751
504 356 613
505 341 626
506 602 799
507 322 582
508 551 855
509 485 559
510 8 386
511 168 210
512 148 290
513 790 821
514 108 319
515 0 274
516 206 511
517 371 417
518 149 267
519 7 113
520 62 259
521 403 642
522 147 313
523 517 886
524 0 75
525 767 874
526 332 676
527 0 33
528 722 822
530 241 382
531 226 559
532 354 566
533 609 711
534 271 393
535 706 802
537 228 358
538 182 309
539 563 684
540 667 792
541 0 284
542 522 867
543 673 891
544 141 392
545 588 752
546 121 495
547 10 140
548 488 726
550 461 749
551 788 818
552 529 850
553 753 836
555 714 814
556 484 551
557 115 286
558 261 483
559 594 694
560 0 286
561 118 400
562 582 771
563 39 263
564 0 106
565 578 662
566 30 325
567 501 820
568 212 301
569 59 131
570 110 442
571 577 646
573 253 409
574 553 694
575 225 527
576 492 563
577 525 705
578 404 561
579 0 14
580 72 312
581 231 479
582 0 26
583 469 675
585 761 875
586 770 887
587 490 658
588 0 195
589 140 277
590 529 795
591 281 460
592 257 395
593 409 695
594 611 900
595 467 545
596 567 867
597 0 192
598 182 430
599 493 503
600 0 220
601 246 598
602 708 817
603 38 384
604 423 792
605 799 825
606 441 731
607 398 688
608 0 147
609 107 388
610 328 543
611 249 323
612 725 876
613 322 618
614 665 846
615 455 682
616 202 400
617 347 576
618 631 790
619 408 676
620 410 594
621 379 645
622 252 566
623 626 874
624 646 891
625 609 874
626 208 533
627 423 709
628 0 236
629 253 412
630 632 852
631 467 680
632 266 445
633 31 116
635 444 622
636 636 743
637 524 805
638 759 803
639 0 189
640 712 874
641 157 457
642 199 381
643 284 303
644 537 739
645 429 787
646 238 477
647 89 388
648 530 706
649 610 841
650 370 559
651 229 513
652 697 771
653 279 570
654 309 684
655 90 346
656 157 392
657 794 868
658 91 165
659 38 271
660 621 780
661 0 251
662 0 213
663 449 781
664 266 361
665 538 823
666 417 726
667 636 777
668 179 334
669 607 765
670 219 424
672 663 717
673 241 461
674 406 764
675 310 492
676 724 833
677 574 725
678 630 871
679 693 720
680 395 511
681 320 653
682 208 470
683 44 133
684 265 465
685 709 859
686 0 18
687 532 701
688 9 267
689 96 254
690 331 481
691 703 833
692 570 667
693 236 448
694 481 522
695 487 546
696 419 631
697 618 794
698 15 181
699 712 895
700 601 766
701 782 810
702 88 221
703 0 173
704 0 58
705 250 523
706 74 253
707 561 608
708 197 418
709 233 409
710 509 875
711 578 739
712 635 869
713 268 419
714 34 212
715 0 4
716 699 739
717 0 78
718 524 727
719 111 375
720 764 883
721 619 789
722 603 731
723 593 850
724 0 50
725 167 268
726 568 603
727 230 400
728 738 850
729 576 657
730 576 747
731 789 803
732 572 647
733 672 788
734 588 785
735 120 472
736 174 218
737 157 498
738 0 28
739 46 204
740 750 862
741 719 847
742 17 250
743 242 480
744 179 293
745 199 359
746 536 666
748 612 807
749 164 499
750 107 418
751 583 770
752 47 328
753 689 808
754 322 565
755 706 859
756 798 894
757 408 758
758 382 680
759 664 721
760 396 455
761 600 618
762 727 852
763 508 728
764 64 382
765 726 832
766 764 818
767 796 838
768 246 544
769 15 116
770 11 151
771 678 760
772 535 887
773 379 677
774 667 795
775 537 744
776 214 358
777 518 653
778 391 571
779 511 784
780 430 701
781 565 816
782 10 227
783 148 418
784 470 648
785 0 183
786 0 48
787 167 377
788 440 758
789 764 834
790 197 468
791 426 731
792 484 642
793 225 562
794 442 613
795 479 751
796 319 486
797 0 157
798 420 626
799 502 782
800 488 741
801 434 506
803 0 76
804 160 330
805 727 871
806 733 812
807 187 394
808 770 833
809 772 839
810 385 453
811 0 219
812 381 580
814 423 753
815 245 325
816 731 874
818 490 657
819 449 508
820 427 581
821 403 644
822 584 894
823 367 537
824 380 664
825 296 405
826 739 876
827 687 788
828 495 772
829 555 854
830 383 534
831 504 840
832 407 678
833 35 218
834 173 331
835 235 350
836 265 533
837 263 564
838 41 110
839 121 322
840 792 832
841 571 821
842 426 508
843 582 614
844 30 353
845 316 443
846 234 502
847 14 212
848 754 812
849 792 875
850 586 661
851 586 659
852 298 366
853 403 652
854 0 184
855 601 849
856 537 726
857 393 511
858 628 785
859 194 441
860 217 488
861 423 718
862 64 103
863 102 356
864 552 668
865 413 636
866 764 884
867 458 678
868 574 622
869 4 245
870 308 700
871 733 896
872 301 555
873 0 164
874 747 832
875 99 109
876 475 574
877 221 467
878 153 328
879 2 155
880 0 294
881 706 819
882 16 118
883 222 385
884 521 816
885 697 858
886 0 233
887 327 484
888 108 202
889 405 676
890 365 530
891 485 783
892 449 647
893 473 646
894 424 593
895 0 285
897 559 811
898 222 356
899 736 899
900 321 499
901 746 816
902 177 337
903 762 813
904 113 348
905 377 634
906 418 734
907 744 861
908 389 641
909 0 49
910 566 807
911 131 221
912 565 827
913 0 197
914 585 745
915 118 464
916 365 413
918 339 692
919 370 513
920 323 565
921 739 877
922 134 204
923 685 703
924 553 709
925 427 592
926 0 47
927 333 523
928 366 525
929 668 761
930 414 725
931 725 862
932 53 108
933 231 450
934 637 800
935 135 377
936 250 593
937 0 271
938 521 708
939 793 871
940 510 674
941 204 339
942 211 345
943 10 182
944 539 857
945 359 529
946 340 502
947 18 350
948 209 456
949 733 817
950 779 900
951 287 418
952 365 412
953 797 825
954 596 795
955 337 700
956 696 782
957 422 609
958 0 109
959 48 151
960 617 736
961 527 664
962 515 858
963 97 365
964 139 348
965 299 342
967 181 444
969 403 554
970 481 680
971 124 240
972 707 830
973 493 627
974 416 545
