736 933
0
3
5
7
10
12
13
17
18
22
24
25
27
28
31
32
34
35
37
38
39
42
43
46
47
52
54
55
57
58
59
61
62
64
65
66
67
68
70
71
74
75
76
77
81
82
83
85
86
87
89
93
97
98
101
103
105
109
110
112
114
116
117
123
124
127
128
129
130
131
132
133
135
137
138
139
140
142
143
144
145
146
147
148
149
150
151
153
158
159
164
165
167
172
176
177
178
179
180
182
185
187
188
189
191
193
194
195
196
197
198
199
200
201
202
203
204
205
208
210
211
214
217
219
222
223
224
225
226
227
228
231
232
235
236
237
239
240
243
244
245
246
248
249
251
252
253
254
257
258
259
261
262
265
266
267
269
270
271
272
273
276
277
281
282
283
287
289
290
293
294
295
298
300
301
302
303
304
305
307
308
309
310
312
313
314
315
316
319
320
321
323
324
325
326
327
329
330
331
332
333
334
335
337
340
341
342
343
344
346
348
350
352
353
356
357
358
359
361
363
364
366
367
368
369
370
371
374
375
376
377
378
379
383
385
386
387
388
390
391
394
395
396
397
398
399
400
401
402
404
405
406
408
409
410
411
413
414
415
416
417
420
421
422
423
425
427
428
429
432
433
434
435
436
439
440
444
445
446
447
448
449
450
451
452
453
454
455
456
457
458
459
460
461
462
463
464
465
466
468
469
470
471
473
474
475
477
478
479
480
484
486
488
489
493
494
495
496
497
498
499
501
502
504
505
506
507
509
510
511
512
515
516
517
519
520
521
522
523
524
525
526
527
529
531
533
534
535
537
538
540
541
542
543
544
545
546
547
549
550
551
552
553
554
555
556
557
558
560
561
564
565
566
569
570
571
572
573
574
575
576
577
579
580
581
582
583
584
585
586
587
588
589
590
592
593
594
595
596
597
598
600
601
603
604
605
606
607
608
610
611
612
613
614
615
616
617
619
621
624
627
628
629
630
631
632
633
634
635
636
637
638
639
641
642
643
644
646
647
648
649
650
651
652
653
654
655
657
658
659
661
662
663
664
665
666
668
669
670
671
672
674
676
677
679
680
682
684
685
686
687
688
690
691
692
693
694
695
696
697
698
699
700
702
703
704
705
706
708
709
710
711
713
714
715
716
717
718
719
720
721
722
724
725
727
728
729
730
731
733
734
735
736
737
738
739
740
741
742
743
744
745
746
747
748
749
750
751
753
754
755
757
760
761
762
763
766
767
768
769
770
771
772
773
775
776
777
778
779
780
781
782
783
784
785
786
787
788
789
790
791
792
793
794
795
796
797
798
799
800
801
802
803
804
806
807
808
809
811
812
813
814
815
816
817
819
820
821
823
824
825
826
827
828
829
830
831
832
833
834
835
836
837
838
839
841
843
844
845
846
847
848
849
850
851
852
853
854
855
856
857
858
859
860
861
862
863
864
865
866
868
869
870
871
872
874
875
878
879
880
881
882
883
885
886
887
888
889
890
892
893
894
895
896
897
898
899
900
901
902
903
904
905
906
907
908
909
910
911
912
914
915
916
918
919
920
921
922
923
924
925
926
927
928
929
930
931
932
933
934
935
936
937
938
939
940
941
942
943
944
945
946
947
948
949
950
951
952
953
954
955
956
957
958
959
960
961
962
963
964
965
966
967
968
969
970
971
972
973
974
975
976
977
978
979
980
0 533 616
1 179 486
2 189 404
3 857 909
4 516 547
5 298 535
6 314 448
7 34 614
9 570 811
10 81 448
11 772 794
12 940 945
14 358 797
15 165 422
16 358 735
17 695 938
18 639 785
19 239 358
20 615 864
21 480 522
22 83 546
23 948 980
24 524 744
25 77 699
26 179 594
27 600 750
28 194 788
29 313 875
30 232 669
31 0 499
32 728 829
33 133 710
34 210 804
35 685 933
36 427 638
37 538 925
38 665 943
39 665 834
40 621 706
41 35 719
42 863 935
43 415 610
44 545 830
45 638 751
46 3 359
47 883 927
48 0 506
49 787 882
50 850 922
51 109 367
52 929 968
54 516 654
55 86 497
56 847 910
57 552 908
58 375 950
59 474 820
61 558 851
63 337 661
64 283 926
65 371 391
66 687 751
67 105 395
69 713 881
70 205 273
71 761 925
73 400 641
75 659 853
76 902 943
77 553 671
78 208 272
79 790 803
80 809 932
81 451 557
82 529 662
83 140 571
84 507 743
85 496 606
86 346 473
87 932 961
88 293 686
89 772 883
90 180 716
91 444 484
92 452 865
93 731 965
94 150 750
95 295 613
96 399 452
97 110 300
98 529 744
99 450 848
100 700 880
101 590 739
102 933 969
103 282 378
105 470 654
106 520 924
107 547 895
108 363 853
110 657 947
111 590 616
112 495 728
113 652 911
114 269 576
115 863 925
117 434 742
118 337 583
119 743 944
120 449 641
121 172 634
122 833 853
123 302 851
124 788 865
125 385 717
126 837 858
127 153 244
128 544 910
129 949 966
130 327 651
131 871 927
132 261 283
133 738 792
134 226 512
135 627 786
136 132 386
138 783 806
139 0 147
140 245 739
141 180 636
142 87 696
143 326 401
144 158 422
145 594 779
146 446 597
147 587 686
148 193 848
149 657 728
150 556 727
151 710 933
153 592 754
154 67 649
155 185 524
156 636 719
157 855 940
159 371 486
160 605 862
161 573 624
162 782 825
163 305 329
164 86 512
165 428 616
166 415 909
167 117 276
168 494 541
169 543 815
170 331 402
171 249 666
172 68 298
173 848 940
174 541 944
175 47 600
176 477 979
177 327 949
178 959 968
179 231 781
180 417 690
181 657 697
182 400 445
183 950 964
185 705 881
186 105 194
187 896 936
188 409 672
190 330 734
191 834 846
192 890 960
193 713 903
194 897 930
195 580 654
196 320 808
197 605 866
198 657 897
199 883 925
200 177 446
201 779 924
202 699 721
203 127 359
204 775 929
205 165 739
206 776 834
207 452 569
208 632 847
209 270 746
210 912 942
211 460 703
212 773 819
213 313 676
214 232 474
215 498 590
216 506 788
217 727 807
219 324 706
220 650 864
221 676 733
222 879 933
223 137 177
224 444 637
225 98 574
226 193 748
227 7 664
228 271 742
229 948 979
230 715 763
231 57 744
232 116 725
233 918 955
235 753 830
236 631 973
237 87 344
238 708 875
239 918 973
240 105 633
241 453 594
242 390 830
245 310 454
246 376 946
247 367 451
248 719 745
250 214 650
251 140 827
253 852 888
254 145 303
255 509 526
256 586 716
257 227 658
259 446 702
260 750 838
261 414 826
262 670 792
263 608 802
264 931 951
265 879 972
266 146 851
267 583 868
268 259 769
269 265 632
270 920 962
272 549 894
273 904 944
274 537 585
275 7 662
276 847 960
277 619 870
278 401 972
279 12 266
280 0 664
281 496 574
282 594 731
285 144 669
286 879 960
287 666 773
288 573 658
289 549 574
290 949 970
291 182 314
292 953 977
293 350 515
294 613 943
295 24 534
296 47 727
297 464 644
299 0 449
300 132 690
301 703 862
302 816 880
303 131 236
304 863 909
305 420 588
306 320 974
307 253 859
308 813 885
309 644 933
310 211 444
311 750 799
312 303 797
313 31 331
314 34 147
315 831 896
316 782 833
317 249 512
318 326 551
319 315 583
320 617 850
321 179 267
323 815 920
324 809 855
325 745 795
326 425 569
327 448 501
328 864 918
329 661 930
330 862 919
331 714 784
332 753 814
333 534 831
334 369 929
335 554 811
336 896 926
337 309 715
338 531 942
339 376 574
341 874 918
342 857 883
343 337 695
345 918 954
346 83 153
347 128 228
348 445 755
349 506 750
350 193 361
351 920 960
352 337 713
353 630 672
354 416 957
355 204 469
356 850 871
357 282 826
358 417 949
360 149 828
361 839 907
362 457 706
363 326 501
364 574 933
365 325 526
366 930 948
367 97 561
368 778 894
369 358 589
370 855 896
371 187 352
372 46 101
373 189 742
374 691 845
375 815 854
376 89 600
377 334 881
378 300 330
379 515 579
380 413 831
381 932 958
382 25 93
383 630 703
384 493 862
385 153 722
386 875 889
388 0 554
389 235 287
390 54 428
391 85 782
392 147 444
393 13 315
394 680 904
395 251 909
396 132 282
397 465 820
398 644 921
399 410 798
400 889 949
401 195 537
402 231 680
404 577 589
405 364 596
406 922 953
407 811 886
408 653 709
409 211 737
410 533 729
411 34 408
412 0 165
413 0 405
414 953 980
415 0 621
416 922 962
418 845 903
419 367 854
420 596 611
421 648 835
422 308 749
423 611 788
424 737 770
426 200 717
427 584 848
428 203 298
429 498 768
430 647 841
431 554 652
432 144 786
433 261 451
434 452 916
435 127 484
436 0 603
438 10 252
439 210 254
440 781 845
441 560 852
442 711 947
444 574 910
445 628 643
446 865 961
447 435 653
448 444 908
449 677 699
450 329 739
451 358 411
452 262 650
453 398 621
454 261 357
455 461 853
456 879 931
457 123 821
458 604 972
459 457 749
460 650 892
461 838 926
462 577 815
463 907 970
465 720 964
467 684 702
468 225 872
469 527 657
470 730 869
471 735 744
472 114 387
473 0 394
474 0 43
475 897 906
476 103 225
477 252 627
478 779 852
479 167 223
480 846 901
481 825 978
482 804 974
483 105 502
484 769 812
485 468 713
486 760 771
488 82 754
489 463 832
490 177 413
491 248 728
492 462 745
493 768 836
494 17 112
495 417 826
496 680 699
497 739 856
498 724 934
499 237 694
500 614 871
501 552 870
502 246 864
503 560 964
504 651 964
505 836 914
506 133 538
507 533 595
508 649 923
509 523 957
510 488 619
511 411 720
512 436 788
513 635 766
514 433 604
515 304 655
516 176 705
517 295 356
518 906 936
519 603 710
520 766 784
521 131 353
522 730 834
523 22 290
524 406 724
525 142 463
526 741 872
527 75 736
528 185 844
529 478 894
530 946 972
531 847 953
532 703 825
533 601 975
534 827 950
535 377 427
536 933 955
537 74 665
539 706 830
540 564 628
541 943 978
542 450 835
543 799 944
544 679 814
545 460 690
547 340 947
548 143 556
549 294 358
551 34 658
552 358 445
553 924 945
554 912 976
555 129 439
556 439 766
557 556 802
558 653 713
559 178 545
560 694 827
563 573 946
564 409 642
565 502 749
567 199 385
568 708 901
569 785 838
571 859 916
572 35 67
573 564 754
574 5 450
575 716 754
577 383 743
578 598 614
580 679 722
581 38 706
582 525 853
583 934 960
584 410 692
585 670 943
586 706 889
587 369 730
588 872 882
589 39 330
590 66 506
591 797 860
592 76 672
593 802 853
594 517 533
595 376 762
596 387 661
597 388 415
598 451 494
599 649 965
600 606 785
601 861 929
602 585 946
603 309 352
604 498 736
605 77 504
606 952 980
607 189 259
608 142 257
609 473 928
610 228 363
611 330 646
612 188 790
613 846 888
614 898 949
615 327 954
616 223 325
617 887 932
618 133 489
619 733 855
620 905 933
621 198 541
622 595 965
623 353 642
624 722 801
625 615 779
626 421 883
627 399 624
628 914 966
629 827 963
630 62 663
631 0 447
632 802 888
633 253 363
634 138 379
635 880 919
636 858 908
637 307 900
638 448 808
639 267 610
640 515 570
641 577 778
642 902 974
643 479 494
644 253 937
645 315 773
646 790 908
647 0 217
648 17 197
649 46 627
650 881 943
651 210 691
652 323 962
653 702 931
654 237 782
655 849 946
656 725 747
657 841 911
658 321 676
659 363 460
660 429 646
661 66 757
662 597 919
663 895 924
664 954 961
665 22 200
667 151 708
668 310 811
669 533 863
670 480 711
671 750 975
672 232 702
674 885 932
675 797 936
676 494 858
677 316 589
678 440 857
679 37 116
680 415 447
681 793 953
682 629 755
683 955 978
684 314 882
685 927 959
686 592 890
687 138 473
688 716 796
689 903 949
690 702 879
691 167 423
692 0 344
693 193 870
694 600 854
695 191 668
696 202 405
697 423 927
698 922 948
699 58 480
700 295 588
701 240 804
702 693 952
703 417 451
704 585 753
705 824 855
706 828 945
707 776 900
708 704 729
709 854 979
710 806 841
711 343 892
712 942 968
713 956 966
714 189 395
715 124 791
717 844 962
718 823 952
719 755 958
720 832 892
721 521 934
722 692 965
723 888 933
724 657 713
725 505 601
726 596 751
727 139 698
728 611 815
729 748 833
730 449 912
731 942 978
732 924 975
733 919 928
734 542 580
735 236 662
736 27 521
737 425 610
738 612 920
739 819 955
740 691 919
741 12 248
742 0 159
743 34 64
744 337 504
745 228 857
746 270 628
747 458 619
748 561 745
749 0 571
750 698 773
751 769 790
752 224 922
753 812 918
754 74 693
755 473 641
756 718 844
757 342 551
758 293 950
759 252 550
760 932 971
761 954 965
762 768 819
763 546 671
764 0 273
766 240 926
768 893 937
769 606 698
770 452 605
771 402 716
772 642 708
773 859 887
774 371 672
775 205 369
776 924 970
777 32 662
778 579 964
779 677 941
780 717 880
781 455 479
782 738 773
783 776 790
785 760 820
786 319 632
787 607 714
788 87 127
789 898 932
790 473 637
791 594 639
792 165 812
793 59 132
794 583 851
795 593 922
796 187 604
797 10 130
799 800 878
800 592 942
801 13 261
802 882 960
803 101 771
804 526 792
806 561 666
807 112 290
808 793 970
809 453 827
812 473 581
813 370 627
814 25 301
815 18 145
816 540 716
817 555 573
818 61 369
820 892 914
821 767 961
822 639 859
823 228 572
824 860 897
825 243 316
826 116 124
827 888 925
828 635 767
829 196 857
830 861 889
831 740 883
832 570 899
833 546 924
834 735 963
835 817 881
836 722 972
837 34 341
839 789 841
840 350 368
841 151 272
842 456 544
843 823 934
844 932 950
845 643 787
846 493 905
847 911 923
848 596 627
849 203 529
850 780 909
851 475 853
852 722 855
853 945 964
854 729 843
855 307 932
856 300 896
858 222 685
859 679 862
860 344 565
861 847 903
862 71 593
863 916 926
864 925 972
865 900 961
866 844 976
867 378 793
868 0 203
869 342 541
870 901 953
871 802 958
872 240 333
873 398 843
874 348 526
875 172 545
876 572 905
877 13 586
878 800 879
879 201 379
880 245 269
881 42 551
882 763 847
884 13 691
885 164 477
886 680 893
887 310 343
888 376 510
889 597 963
890 637 879
891 495 730
892 0 265
893 711 827
894 897 976
895 888 975
897 374 668
898 829 939
899 587 915
900 315 676
901 323 676
902 34 301
903 960 974
904 466 956
905 429 449
906 272 978
907 746 850
908 335 499
909 383 659
910 636 771
911 672 925
912 370 937
913 899 924
914 327 600
915 289 819
916 52 193
917 451 469
918 219 498
919 86 668
921 55 434
922 223 277
923 127 281
924 912 972
925 331 630
926 103 682
927 5 235
928 468 676
929 397 738
930 951 961
931 920 928
932 576 607
934 0 135
935 62 741
936 413 582
937 817 970
938 334 448
939 477 882
940 28 227
941 65 711
942 573 734
943 611 770
944 700 727
945 332 959
946 755 951
947 837 881
948 239 366
950 575 657
951 270 432
952 201 222
953 137 796
954 459 812
955 116 666
956 519 786
957 668 799
958 902 978
959 899 933
960 0 67
961 688 882
962 70 593
963 730 780
964 566 746
965 826 925
966 838 972
967 768 830
968 817 967
969 846 957
970 747 777
971 396 672
972 745 793
973 564 929
974 226 471
975 267 350
976 579 668
977 225 773
978 312 444
979 781 878
980 811 821
981 258 413
982 287 919
983 375 674
984 271 304
985 363 601
986 363 587
987 129 377
988 62 470
989 109 199
990 890 921
991 809 890
992 593 798
993 228 777
994 885 908
995 117 150
996 848 946
997 148 851
998 228 471
999 511 585
