728 960
0
1
2
4
5
6
7
8
10
11
12
13
14
15
17
18
19
20
21
22
27
29
31
33
36
37
38
40
42
43
44
46
48
49
50
51
53
55
56
57
58
59
60
61
64
65
67
68
70
72
74
75
76
78
80
81
83
84
85
86
87
88
91
93
95
96
100
103
107
108
110
112
114
115
116
117
118
119
120
121
124
125
126
127
130
131
132
133
134
135
141
142
144
145
147
148
149
150
151
155
157
160
162
163
165
166
167
168
169
171
173
174
175
178
180
181
182
183
185
187
188
191
192
193
194
195
196
197
198
199
200
201
202
204
205
206
207
208
210
213
214
215
217
218
219
220
224
226
227
228
229
230
231
232
233
234
235
236
238
239
240
241
245
246
247
248
249
250
252
254
255
256
258
259
260
261
262
265
266
268
270
271
273
274
275
276
277
278
279
281
283
284
285
287
290
291
292
293
295
296
297
298
299
300
302
303
304
305
306
307
308
309
313
314
315
316
317
318
319
320
321
323
325
327
328
329
330
331
334
335
336
337
338
339
340
342
343
344
345
346
347
350
351
352
353
354
356
357
358
359
360
361
362
363
365
369
370
372
373
374
375
376
377
378
379
380
381
382
383
384
385
386
387
389
390
391
392
393
394
395
396
397
398
399
400
401
402
403
404
405
406
407
409
410
411
412
413
414
415
416
417
419
421
422
423
424
425
426
427
428
430
431
432
433
435
436
437
438
439
440
442
443
444
445
446
448
449
450
454
455
456
457
458
460
461
463
464
467
468
470
471
472
475
476
477
480
481
482
483
484
485
486
487
488
489
491
492
493
494
495
497
498
499
500
501
502
503
504
505
506
507
508
509
510
511
512
513
514
516
518
519
520
521
522
524
525
526
527
528
529
530
531
532
533
534
535
536
537
538
539
540
541
542
543
544
545
548
550
551
552
553
554
555
556
557
558
561
562
563
564
565
566
567
569
570
571
573
574
575
576
577
578
579
580
581
582
583
584
585
587
588
589
590
591
592
593
594
595
596
597
598
599
600
602
605
606
607
608
609
610
611
612
613
614
615
616
617
618
619
620
621
622
623
625
626
627
628
629
631
632
633
634
635
636
637
638
639
640
641
642
643
644
645
646
647
648
649
650
651
652
653
654
655
656
657
658
659
660
661
663
664
665
666
667
669
670
671
672
673
674
675
676
677
678
679
680
682
683
684
685
686
687
688
689
690
691
692
694
695
696
698
700
702
703
704
705
706
707
708
709
710
711
712
713
714
715
716
717
718
719
720
721
723
724
725
726
727
728
730
731
732
733
734
735
736
738
739
742
743
744
745
746
747
748
749
750
752
753
754
755
756
757
758
759
760
761
762
763
764
765
766
767
768
770
771
772
773
774
775
776
777
778
779
780
781
782
783
785
786
787
788
789
790
791
792
793
794
795
796
797
798
799
800
801
802
804
805
806
807
808
809
810
811
812
813
814
815
816
817
818
819
820
822
823
824
825
826
827
828
829
830
831
832
833
834
835
836
837
838
839
840
841
842
843
845
846
847
848
849
851
852
853
854
855
856
858
859
860
861
862
863
864
865
866
867
868
869
870
871
872
873
874
875
876
877
878
879
880
881
882
883
884
885
886
887
888
889
890
891
892
893
894
895
896
897
898
899
900
0 232 641
1 502 644
2 721 820
3 691 707
4 231 648
5 585 675
6 748 871
7 393 524
8 0 534
9 0 411
10 283 875
11 378 594
12 360 581
13 413 614
14 639 814
15 314 415
16 194 643
17 548 602
18 95 372
19 734 875
20 768 862
21 691 714
22 0 72
23 765 894
24 283 423
25 652 793
26 309 660
27 57 797
28 254 438
29 33 653
30 119 448
31 738 824
32 248 647
33 746 884
34 580 621
35 57 291
36 583 763
37 0 234
38 489 867
39 0 316
40 629 894
41 444 775
42 381 511
44 438 689
45 454 536
46 0 525
47 543 752
48 736 897
49 661 790
50 224 373
51 133 548
52 528 865
53 48 545
54 75 405
55 178 599
56 639 735
57 218 417
58 656 796
59 141 306
60 585 786
61 44 336
62 168 655
63 544 629
64 598 625
65 0 633
66 430 887
67 0 273
68 81 278
69 648 716
70 484 536
71 548 822
72 591 718
73 0 188
74 0 439
75 0 357
76 119 410
77 798 847
78 308 692
79 118 734
80 112 679
81 121 499
82 183 615
83 754 833
84 196 752
85 405 516
86 732 822
87 606 881
88 17 579
89 338 430
90 58 268
91 0 343
93 633 827
94 283 594
95 300 398
96 556 739
97 786 838
98 674 845
99 644 710
100 245 885
101 774 816
102 766 854
103 725 827
104 339 502
105 305 557
106 44 707
107 641 742
108 174 660
109 752 863
110 56 659
111 444 752
112 638 725
113 400 449
114 4 554
115 606 775
116 698 884
117 487 776
118 443 836
119 4 779
120 578 612
121 201 792
123 616 745
124 532 854
125 124 395
126 36 750
127 635 881
128 175 838
129 306 436
130 485 672
131 413 637
132 284 409
133 0 308
134 74 488
135 777 846
136 0 339
137 142 787
138 134 532
139 379 777
140 108 522
141 0 215
142 195 815
143 380 822
144 651 728
145 169 875
146 656 773
147 377 794
148 694 708
149 493 688
150 444 746
151 421 861
152 730 889
153 391 790
154 717 870
155 691 840
156 526 792
157 0 7
158 417 587
159 297 343
160 74 381
161 120 898
162 526 660
163 385 659
164 626 881
165 68 552
166 677 738
167 639 777
168 210 733
169 585 885
170 38 162
171 716 812
172 540 864
173 724 819
174 552 868
175 135 249
176 0 100
177 704 877
178 315 773
179 602 733
181 536 828
182 772 812
183 397 424
184 400 599
185 7 437
186 0 296
187 457 811
188 0 483
189 790 835
190 627 723
191 477 843
192 218 765
193 749 836
194 350 504
195 728 807
196 346 874
197 677 757
198 558 645
199 271 892
200 193 287
203 691 807
204 686 875
205 33 716
206 80 421
208 313 852
209 342 616
210 204 885
211 0 360
212 0 674
213 0 593
214 0 636
215 274 352
216 533 789
218 0 114
219 0 687
220 208 506
221 317 500
222 552 861
223 399 862
224 757 805
225 628 704
226 513 720
228 760 863
229 645 714
230 598 636
231 218 308
232 247 573
233 58 516
234 653 762
235 440 671
236 200 735
237 0 21
238 387 794
239 232 628
240 653 881
241 446 623
242 480 501
243 524 772
244 0 531
245 795 839
246 535 831
247 163 708
248 412 739
249 0 219
250 588 749
251 360 755
252 262 450
253 262 730
254 4 214
255 448 526
256 255 802
257 518 695
258 773 825
259 96 787
260 201 721
261 463 660
263 667 716
264 0 227
266 756 863
267 0 247
268 620 835
269 771 813
270 50 149
271 732 878
272 553 747
273 406 810
274 584 745
275 208 621
276 0 541
277 327 759
278 786 892
279 449 695
280 46 375
281 281 384
282 217 404
283 0 386
284 250 508
285 602 885
286 112 439
287 67 327
288 410 700
289 513 862
290 241 623
291 553 880
292 619 826
293 620 809
294 236 797
295 126 207
297 67 497
298 686 752
299 561 755
300 745 842
301 303 519
302 703 862
303 0 175
304 287 356
305 394 808
306 239 786
307 397 416
308 60 551
309 329 592
310 795 893
311 165 582
312 508 876
313 344 536
314 120 281
315 178 295
316 0 279
317 198 232
318 794 848
319 86 149
320 188 852
321 627 832
322 666 793
323 579 711
324 370 689
325 0 362
326 423 774
327 639 847
328 760 813
329 763 817
330 103 213
331 306 432
332 629 752
333 4 114
334 202 791
335 125 205
336 0 485
337 582 838
338 65 335
339 796 895
340 660 734
341 0 157
342 127 739
343 0 351
344 340 689
345 497 888
346 483 638
347 88 192
348 613 838
349 621 707
350 574 682
351 207 799
352 785 833
353 655 710
354 565 674
355 0 610
356 83 472
357 13 795
358 528 704
359 359 756
360 690 810
361 694 837
362 255 631
363 525 798
364 15 268
365 689 770
366 460 657
367 336 688
368 509 650
370 29 713
371 78 723
372 575 786
373 0 495
374 0 297
375 401 831
376 395 419
377 454 553
378 0 440
379 313 558
380 581 702
381 0 379
382 65 768
383 0 666
384 685 723
385 614 785
386 0 689
387 759 848
388 609 721
389 619 838
390 250 713
391 634 712
392 328 890
393 273 746
394 659 896
395 503 776
396 736 870
397 500 715
398 345 403
399 398 836
400 591 724
401 195 580
402 302 415
403 316 718
404 0 49
405 374 824
406 249 376
407 685 805
408 652 814
410 200 860
411 0 394
412 503 659
413 167 475
414 121 454
415 0 501
416 427 873
417 358 631
418 268 826
420 0 331
421 450 869
422 78 274
423 1 482
424 780 852
425 85 213
426 583 726
427 150 900
428 685 870
429 467 614
430 780 866
431 581 855
432 174 411
433 789 879
434 757 876
435 132 674
436 733 836
437 658 723
438 299 834
439 489 579
441 12 782
442 317 483
443 351 551
444 365 524
445 575 858
446 22 273
447 472 852
448 115 504
449 788 847
450 0 207
451 595 625
452 37 686
453 758 884
454 0 460
455 70 405
456 390 482
457 12 600
458 430 865
459 432 605
460 753 891
461 0 654
462 226 363
463 231 446
464 191 795
465 296 846
467 18 527
468 56 527
469 463 742
470 255 868
471 520 610
472 457 882
473 44 358
474 785 806
475 10 776
476 526 801
477 197 426
478 557 658
479 231 759
480 169 293
481 529 810
482 298 826
483 653 786
484 525 816
485 444 667
486 706 828
487 207 444
488 193 240
489 723 849
490 148 646
491 383 433
492 284 574
493 199 359
495 59 276
496 678 706
497 166 550
498 419 725
499 5 767
500 768 874
501 230 795
502 117 262
503 220 461
504 455 702
505 503 674
506 279 893
507 0 539
508 750 882
509 31 247
510 205 811
511 42 518
512 716 843
513 339 538
514 356 432
515 43 794
516 739 896
517 652 854
518 660 864
519 323 487
520 725 832
521 166 641
522 0 376
523 616 859
524 482 610
525 386 744
526 747 801
527 521 657
528 27 671
529 252 781
530 594 747
531 20 711
532 279 563
533 424 502
534 372 838
535 0 236
536 660 899
537 448 530
538 415 791
539 12 733
540 470 827
541 107 508
542 529 807
543 226 347
544 238 455
546 661 730
547 476 866
548 443 501
549 0 417
550 533 896
551 197 867
552 684 841
553 21 617
554 524 735
555 427 869
556 319 455
557 471 754
558 756 898
559 377 463
560 422 752
561 0 567
562 320 457
563 682 739
564 744 848
565 456 674
566 718 891
567 208 656
568 380 448
569 0 87
570 717 878
571 121 504
572 424 660
573 38 670
574 588 852
575 0 265
576 754 805
577 0 612
578 776 869
579 579 783
580 402 863
581 84 617
582 401 571
583 425 606
584 541 886
585 235 862
586 761 828
587 346 748
588 727 884
589 484 783
590 68 581
591 239 853
592 464 834
593 396 552
594 594 745
595 260 873
596 303 778
597 0 68
598 781 900
600 494 589
601 116 275
602 64 485
604 229 757
605 692 799
606 145 394
607 306 483
608 493 656
609 217 620
610 759 812
611 0 205
612 258 703
613 0 55
614 492 832
615 700 772
616 505 897
617 709 836
618 432 830
619 285 486
620 298 304
621 206 724
622 207 423
623 46 798
624 663 764
625 0 402
626 426 535
627 724 827
628 0 413
629 566 788
630 507 811
631 705 829
632 789 851
633 491 760
634 43 239
635 0 151
636 607 894
637 130 320
638 677 791
639 597 864
640 0 518
641 634 887
642 234 846
643 510 804
644 18 108
645 78 651
646 638 886
647 734 825
648 800 864
649 768 845
650 0 433
651 0 2
652 558 815
653 218 810
654 622 794
655 548 860
656 27 548
657 755 834
658 51 772
659 319 776
660 40 374
661 238 634
662 645 900
663 0 425
664 533 687
665 305 494
666 581 818
667 343 569
668 168 293
669 762 831
670 702 867
671 64 720
672 687 829
673 359 800
674 653 715
675 350 790
676 283 862
677 126 800
678 93 481
679 573 829
680 527 848
681 386 593
682 375 652
683 185 258
684 735 813
685 145 611
686 0 201
687 379 507
688 0 325
689 0 214
690 655 898
691 258 415
692 500 733
693 590 779
694 8 638
695 772 876
696 513 753
697 721 802
698 379 664
699 360 713
700 700 874
701 610 804
702 173 525
703 361 520
704 409 669
705 554 646
706 782 890
707 468 695
708 213 849
709 683 710
710 169 710
711 720 843
712 376 713
713 764 871
714 10 126
715 443 628
716 486 900
717 642 834
718 565 666
719 564 773
720 502 792
721 506 781
722 125 694
723 792 825
724 394 794
725 50 399
726 445 561
727 743 817
728 369 494
730 458 866
731 353 750
732 489 530
733 372 438
734 768 867
735 596 833
736 180 556
737 442 713
738 373 594
739 755 817
740 702 883
741 343 800
742 107 651
743 428 698
745 621 719
746 0 108
747 422 673
748 791 847
749 14 406
750 405 649
751 281 599
752 0 81
753 87 404
754 167 405
755 468 898
756 0 277
757 440 875
758 800 865
759 618 771
760 660 823
761 215 842
762 797 810
763 266 339
764 370 692
765 730 871
766 594 677
767 696 783
768 0 597
769 665 793
770 0 649
771 537 615
772 313 654
773 84 421
774 2 748
775 0 423
776 768 839
777 284 656
778 329 709
779 160 512
780 621 770
781 292 785
782 147 718
783 390 457
784 612 768
785 132 397
786 53 354
788 74 213
789 524 846
790 91 548
791 144 627
792 0 132
793 330 815
794 0 562
796 407 643
797 166 582
798 315 623
799 5 585
800 0 576
801 393 514
802 532 787
803 734 824
804 619 808
805 626 872
806 273 676
807 505 783
808 188 498
809 40 290
810 325 454
811 520 848
812 291 551
813 521 830
814 19 494
815 60 277
816 215 771
817 0 563
818 0 363
819 438 593
820 779 856
821 738 867
822 53 314
823 135 692
824 676 858
825 431 728
826 711 897
827 505 785
828 426 820
829 1 131
830 617 899
831 0 110
832 423 576
833 78 759
834 252 700
835 110 427
836 781 827
837 230 778
838 753 874
839 61 792
840 275 520
841 430 671
842 544 817
843 800 839
844 412 856
845 197 692
846 389 810
847 285 819
848 49 284
849 6 336
850 535 632
852 130 551
853 0 1
855 748 861
856 577 792
857 362 470
858 752 884
859 635 888
860 672 854
861 730 885
862 540 735
863 610 731
864 706 845
865 614 813
866 0 578
867 460 886
868 593 862
869 435 632
870 691 897
871 147 454
872 525 690
873 342 777
874 226 321
875 283 570
876 495 793
877 587 846
878 794 814
879 192 768
880 0 488
881 290 742
882 307 610
883 786 804
884 284 531
885 261 335
886 658 707
887 724 807
888 0 647
889 235 776
890 403 836
891 663 708
892 620 728
894 319 688
895 770 801
896 723 838
897 100 196
898 265 448
899 537 738
900 76 374
901 652 718
902 392 456
903 316 508
904 181 649
905 0 648
906 246 573
908 256 744
909 192 880
910 754 804
911 593 826
912 108 358
913 781 841
914 522 756
915 472 524
916 360 656
917 155 674
918 512 643
919 0 625
920 481 634
921 0 187
922 552 608
923 265 436
924 0 486
925 180 694
926 8 717
927 0 555
928 335 439
929 760 806
930 461 762
931 276 435
932 330 579
933 330 637
934 11 576
935 0 494
936 640 885
937 629 783
938 373 686
939 0 643
940 396 538
941 340 760
942 356 533
943 542 657
944 213 579
945 291 728
946 511 875
947 328 557
948 666 768
949 171 893
950 545 835
951 38 536
952 385 658
953 625 762
954 0 233
955 382 541
956 428 817
957 124 745
958 767 815
959 270 774
960 206 337
961 291 738
962 652 829
963 5 735
964 509 828
965 680 761
966 125 424
967 281 457
968 393 694
969 514 763
970 414 884
971 386 581
972 749 859
973 228 412
974 100 340
975 781 885
976 491 540
977 787 834
978 259 670
979 317 537
980 492 663
981 290 743
982 655 830
983 10 318
984 383 835
985 182 270
986 564 764
987 723 893
988 145 334
