98 187
0
1
2
3
4
5
6
7
9
10
11
12
13
14
15
16
17
18
19
20
21
22
23
24
25
26
27
28
29
30
31
32
33
34
35
36
37
38
39
40
41
42
43
44
45
46
47
48
49
50
51
52
53
54
56
57
58
59
60
61
62
63
64
65
66
67
68
69
70
71
72
73
74
75
76
77
78
79
80
81
82
83
84
85
86
87
88
89
90
91
92
93
94
95
96
97
98
99
0 53 59
1 65 78
2 11 27
3 26 37
4 76 81
5 25 42
6 93 95
7 53 57
8 83 86
9 53 61
10 93 97
11 77 81
12 58 72
13 71 79
14 56 67
15 39 46
16 73 87
17 65 82
18 1 15
19 56 73
20 88 96
21 88 90
22 39 40
23 51 64
24 26 36
25 0 14
26 92 98
27 54 65
28 0 13
29 3 5
30 20 36
31 23 25
32 50 61
33 91 97
34 46 52
35 46 61
36 21 33
37 90 95
38 43 45
39 69 81
40 46 53
41 16 20
42 64 66
43 42 49
44 40 46
45 14 21
46 27 41
47 48 63
48 19 32
49 56 68
50 73 85
51 56 74
52 21 35
53 69 79
54 23 27
55 86 99
56 26 35
57 20 38
58 94 98
59 74 79
60 68 84
61 60 79
62 27 30
63 82 92
64 92 96
65 29 44
66 7 23
67 83 99
68 24 34
69 84 88
70 48 58
71 25 36
72 51 66
73 30 38
74 62 76
75 1 13
76 10 27
77 57 63
78 2 11
79 13 18
80 65 72
81 61 75
82 54 60
83 1 14
84 11 17
85 65 77
86 89 96
87 52 59
88 36 46
89 84 98
90 43 54
91 57 71
92 32 37
93 90 99
94 50 60
95 36 41
96 63 69
97 32 35
98 77 82
99 83 96
100 26 42
101 71 89
102 90 96
103 26 39
104 25 35
105 40 56
106 17 34
107 10 22
108 42 59
109 12 25
110 3 14
111 62 74
112 80 85
113 77 80
114 37 52
115 81 86
116 62 67
117 27 39
118 41 54
119 24 26
120 31 42
121 26 30
122 12 28
123 34 49
124 13 21
125 86 95
126 49 59
127 75 94
128 27 42
129 1 5
130 6 18
131 34 46
132 36 40
133 90 98
134 59 66
135 23 38
136 62 75
137 64 72
138 11 25
139 16 32
140 5 14
141 43 49
142 68 73
143 91 95
144 13 19
145 9 12
146 59 69
147 89 90
148 47 60
149 27 32
150 77 89
151 56 70
152 83 94
153 21 25
154 38 52
155 4 12
156 28 32
157 15 32
158 81 96
159 7 17
160 75 91
161 21 38
162 36 53
163 78 84
164 70 79
165 20 29
166 3 10
167 94 95
168 39 41
169 57 66
170 90 97
171 63 65
172 70 78
173 85 90
174 50 57
175 67 74
176 51 62
177 0 11
178 42 45
179 84 85
180 23 39
181 46 63
182 11 24
183 50 67
184 22 37
185 36 44
186 72 88
